35,5
35,4
35,3
35,2
35,1
35,0
32,5
32,4
32,3
32,2
32,1
32,0
29,4
29,3
29,2
29,1
29,0
27,5
27,4
27,3
27,2
27,1
27,0
26,4
26,3
26,2
26,1
26,0
25,4
25,3
25,2
25,1
25,0
24,4
24,3
24,2
24,1
24,0
23,3
23,2
23,1
23,0
4,3
2,3
1,3
0,410
0,324
0,243
0,9
0,0
0,1
0,402
0,300
0,401
0,299
0,429
0,298
0,400
0,297
0,399
0,296
0,398
0,295
0,397
0,294
0,396
0,293
0,395
0,292
0,428
0,291
0,394
0,290
0,393
0,289
0,392
0,288
0,427
0,287
0,391
0,286
0,390
0,285
0,389
0,284
0,283
0,388
0,282
0,387
0,281
0,426
0,280
0,386
0,279
0,385
0,278
0,384
0,277
0,383
0,276
0,382
0,275
0,381
0,274
0,425
0,273
0,380
0,272
0,379
0,271
0,270
0,378
0,269
0,377
0,268
0,376
0,267
0,375
0,266
0,374
0,265
0,424
0,264
0,373
0,263
0,423
0,262
0,372
0,261
0,371
0,260
0,422
0,259
0,370
0,258
0,421
0,257
0,369
0,256
0,368
0,255
0,367
0,254
0,366
0,253
0,365
0,252
0,420
0,251
0,364
0,250
0,249
0,363
0,248
0,362
0,247
0,361
0,246
0,360
0,245
0,359
0,244
0,358
0,242
0,241
0,357
0,240
0,419
0,239
0,356
0,238
0,355
0,237
0,354
0,236
0,353
0,235
0,352
0,234
0,418
0,233
0,351
0,232
0,417
0,231
0,350
0,230
0,349
0,229
0,416
0,228
0,348
0,227
0,347
0,226
0,346
0,225
0,345
0,224
0,344
0,223
0,343
0,222
0,342
0,221
0,341
0,220
0,219
0,415
0,218
0,217
0,414
0,216
0,340
0,215
0,339
0,214
0,338
0,213
0,337
0,212
0,413
0,211
0,336
0,210
0,412
0,209
0,335
0,208
0,334
0,207
0,411
0,206
0,333
0,205
0,409
0,204
0,332
0,203
0,331
0,202
0,330
0,201
0,329
0,200
0,328
0,199
0,408
0,198
0,327
0,197
0,407
0,196
0,326
0,195
0,325
0,194
0,323
0,193
0,322
0,192
0,321
0,63
0,320
0,62
0,406
0,61
0,319
0,60
0,405
0,59
0,318
0,58
0,317
0,57
0,316
0,56
0,315
0,55
0,314
0,54
0,404
0,53
0,313
0,52
0,403
0,51
0,312
0,50
0,311
0,49
0,310
0,48
0,309
0,47
0,308
0,46
0,307
0,45
0,301
0,6
0,5
0,304
0,303
0,306
0,305
0,302
0,12
0,10
0,8
0,11
0,4
0,2
0,3
0,7
